Tree: 

['buying',
 {'high': [['maint',
            {'high': [['doors',
                       {'2': [['persons',
                               {'2': [2, (0, 0, 4, 0)],
                                '4': [['lug_boot',
                                       {'big': [['safety',
                                                 {'high': [0, (1, 0, 0, 0)],
                                                  'low': [2, (0, 0, 1, 0)],
                                                  'med': [0, (1, 0, 0, 0)]}],
                                                (2, 0, 1, 0)],
                                        'med': [2, (0, 0, 2, 0)],
                                        'small': [['safety',
                                                   {'high': [0, (1, 0, 0, 0)],
                                                    'low': [2, (0, 0, 1, 0)],
                                                    'med': [2, (0, 0, 1, 0)]}],
                                                  (1, 0, 2, 0)]}],
                                      (3, 0, 5, 0)],
                                'more': [['safety',
                                          {'high': [['lug_boot',
                                                     {'big': [0, (1, 0, 0, 0)],
                                                      'med': [0, (1, 0, 0, 0)],
                                                      'small': [2,
                                                                (0, 0, 1, 0)]}],
                                                    (2, 0, 1, 0)],
                                           'low': [2, (0, 0, 1, 0)],
                                           'med': [2, (0, 0, 1, 0)]}],
                                         (2, 0, 3, 0)]}],
                              (5, 0, 12, 0)],
                        '3': [['persons',
                               {'2': [2, (0, 0, 4, 0)],
                                '4': [['lug_boot',
                                       {'big': [0, (1, 0, 0, 0)],
                                        'med': [['safety',
                                                 {'high': [0, (1, 0, 0, 0)],
                                                  'low': [2, (0, 0, 1, 0)]}],
                                                (1, 0, 1, 0)],
                                        'small': [['safety',
                                                   {'high': [0, (1, 0, 0, 0)],
                                                    'low': [2, (0, 0, 1, 0)],
                                                    'med': [2, (0, 0, 1, 0)]}],
                                                  (1, 0, 2, 0)]}],
                                      (3, 0, 3, 0)],
                                'more': [['lug_boot',
                                          {'big': [0, (1, 0, 0, 0)],
                                           'small': [2, (0, 0, 2, 0)]}],
                                         (1, 0, 2, 0)]}],
                              (4, 0, 9, 0)],
                        '4': [['persons',
                               {'2': [2, (0, 0, 7, 0)],
                                '4': [['lug_boot',
                                       {'big': [0, (2, 0, 0, 0)],
                                        'med': [0, (1, 0, 0, 0)],
                                        'small': [2, (0, 0, 2, 0)]}],
                                      (3, 0, 2, 0)],
                                'more': [['lug_boot',
                                          {'big': [2, (0, 0, 1, 0)],
                                           'med': [0, (1, 0, 0, 0)]}],
                                         (1, 0, 1, 0)]}],
                              (4, 0, 10, 0)],
                        '5more': [['lug_boot',
                                   {'big': [['safety',
                                             {'high': [['persons',
                                                        {'2': [2, (0, 0, 1, 0)],
                                                         '4': [0, (1, 0, 0, 0)],
                                                         'more': [0,
                                                                  (1,
                                                                   0,
                                                                   0,
                                                                   0)]}],
                                                       (2, 0, 1, 0)],
                                              'low': [2, (0, 0, 1, 0)],
                                              'med': [['persons',
                                                       {'2': [2, (0, 0, 1, 0)],
                                                        '4': [0, (1, 0, 0, 0)],
                                                        'more': [0,
                                                                 (1,
                                                                  0,
                                                                  0,
                                                                  0)]}],
                                                      (2, 0, 1, 0)]}],
                                            (4, 0, 3, 0)],
                                    'med': [['persons',
                                             {'2': [2, (0, 0, 3, 0)],
                                              '4': [0, (1, 0, 0, 0)],
                                              'more': [2, (0, 0, 1, 0)]}],
                                            (1, 0, 4, 0)],
                                    'small': [['persons',
                                               {'2': [2, (0, 0, 1, 0)],
                                                '4': [0, (1, 0, 0, 0)],
                                                'more': [0, (1, 0, 0, 0)]}],
                                              (2, 0, 1, 0)]}],
                                  (7, 0, 8, 0)]}],
                      (20, 0, 39, 0)],
             'low': [['doors',
                      {'2': [['lug_boot',
                              {'big': [['persons',
                                        {'2': [2, (0, 0, 2, 0)],
                                         '4': [0, (2, 0, 0, 0)],
                                         'more': [['safety',
                                                   {'low': [2, (0, 0, 1, 0)],
                                                    'med': [0, (1, 0, 0, 0)]}],
                                                  (1, 0, 1, 0)]}],
                                       (3, 0, 3, 0)],
                               'med': [['safety',
                                        {'high': [['persons',
                                                   {'2': [2, (0, 0, 1, 0)],
                                                    '4': [0, (1, 0, 0, 0)],
                                                    'more': [0, (1, 0, 0, 0)]}],
                                                  (2, 0, 1, 0)],
                                         'low': [2, (0, 0, 1, 0)],
                                         'med': [2, (0, 0, 1, 0)]}],
                                       (2, 0, 3, 0)],
                               'small': [['persons',
                                          {'2': [2, (0, 0, 2, 0)],
                                           '4': [['safety',
                                                  {'high': [0, (1, 0, 0, 0)],
                                                   'low': [2, (0, 0, 1, 0)],
                                                   'med': [2, (0, 0, 1, 0)]}],
                                                 (1, 0, 2, 0)],
                                           'more': [2, (0, 0, 2, 0)]}],
                                         (1, 0, 6, 0)]}],
                             (6, 0, 12, 0)],
                       '3': [['lug_boot',
                              {'big': [['persons',
                                        {'2': [2, (0, 0, 2, 0)],
                                         '4': [['safety',
                                                {'high': [0, (1, 0, 0, 0)],
                                                 'low': [2, (0, 0, 1, 0)],
                                                 'med': [0, (1, 0, 0, 0)]}],
                                               (2, 0, 1, 0)],
                                         'more': [['safety',
                                                   {'low': [2, (0, 0, 1, 0)],
                                                    'med': [0, (1, 0, 0, 0)]}],
                                                  (1, 0, 1, 0)]}],
                                       (3, 0, 4, 0)],
                               'med': [0, (1, 0, 0, 0)],
                               'small': [['persons',
                                          {'2': [2, (0, 0, 2, 0)],
                                           '4': [['safety',
                                                  {'high': [0, (1, 0, 0, 0)],
                                                   'med': [2, (0, 0, 1, 0)]}],
                                                 (1, 0, 1, 0)],
                                           'more': [['safety',
                                                     {'high': [0, (1, 0, 0, 0)],
                                                      'low': [2,
                                                              (0, 0, 1, 0)]}],
                                                    (1, 0, 1, 0)]}],
                                         (2, 0, 4, 0)]}],
                             (6, 0, 8, 0)],
                       '4': [['persons',
                              {'2': [2, (0, 0, 7, 0)],
                               '4': [['lug_boot',
                                      {'big': [['safety',
                                                {'low': [2, (0, 0, 1, 0)],
                                                 'med': [0, (1, 0, 0, 0)]}],
                                               (1, 0, 1, 0)],
                                       'med': [0, (2, 0, 0, 0)],
                                       'small': [['safety',
                                                  {'high': [0, (1, 0, 0, 0)],
                                                   'low': [2, (0, 0, 1, 0)]}],
                                                 (1, 0, 1, 0)]}],
                                     (4, 0, 2, 0)],
                               'more': [['safety',
                                         {'high': [0, (2, 0, 0, 0)],
                                          'low': [2, (0, 0, 1, 0)],
                                          'med': [0, (2, 0, 0, 0)]}],
                                        (4, 0, 1, 0)]}],
                             (8, 0, 10, 0)],
                       '5more': [['persons',
                                  {'2': [2, (0, 0, 8, 0)],
                                   '4': [['safety',
                                          {'high': [0, (3, 0, 0, 0)],
                                           'low': [2, (0, 0, 2, 0)],
                                           'med': [2, (0, 0, 1, 0)]}],
                                         (3, 0, 3, 0)],
                                   'more': [['lug_boot',
                                             {'big': [['safety',
                                                       {'low': [2,
                                                                (0, 0, 1, 0)],
                                                        'med': [0,
                                                                (1, 0, 0, 0)]}],
                                                      (1, 0, 1, 0)],
                                              'med': [0, (2, 0, 0, 0)],
                                              'small': [['safety',
                                                         {'high': [0,
                                                                   (1,
                                                                    0,
                                                                    0,
                                                                    0)],
                                                          'low': [2,
                                                                  (0, 0, 1, 0)],
                                                          'med': [2,
                                                                  (0,
                                                                   0,
                                                                   1,
                                                                   0)]}],
                                                        (1, 0, 2, 0)]}],
                                            (4, 0, 3, 0)]}],
                                 (7, 0, 14, 0)]}],
                     (27, 0, 44, 0)],
             'med': [['doors',
                      {'2': [['persons',
                              {'2': [2, (0, 0, 4, 0)],
                               '4': [['lug_boot',
                                      {'big': [0, (2, 0, 0, 0)],
                                       'med': [2, (0, 0, 2, 0)],
                                       'small': [['safety',
                                                  {'high': [0, (1, 0, 0, 0)],
                                                   'low': [2, (0, 0, 1, 0)],
                                                   'med': [2, (0, 0, 1, 0)]}],
                                                 (1, 0, 2, 0)]}],
                                     (3, 0, 4, 0)],
                               'more': [['safety',
                                         {'high': [['lug_boot',
                                                    {'big': [0, (1, 0, 0, 0)],
                                                     'small': [2,
                                                               (0, 0, 1, 0)]}],
                                                   (1, 0, 1, 0)],
                                          'low': [2, (0, 0, 3, 0)],
                                          'med': [2, (0, 0, 2, 0)]}],
                                        (1, 0, 6, 0)]}],
                             (4, 0, 14, 0)],
                       '3': [['lug_boot',
                              {'big': [['safety',
                                        {'high': [['persons',
                                                   {'2': [2, (0, 0, 1, 0)],
                                                    'more': [0, (1, 0, 0, 0)]}],
                                                  (1, 0, 1, 0)],
                                         'low': [2, (0, 0, 1, 0)],
                                         'med': [['persons',
                                                  {'2': [2, (0, 0, 1, 0)],
                                                   'more': [0, (1, 0, 0, 0)]}],
                                                 (1, 0, 1, 0)]}],
                                       (2, 0, 3, 0)],
                               'med': [['persons',
                                        {'2': [2, (0, 0, 1, 0)],
                                         '4': [2, (0, 0, 1, 0)],
                                         'more': [0, (1, 0, 0, 0)]}],
                                       (1, 0, 2, 0)],
                               'small': [['persons',
                                          {'2': [2, (0, 0, 3, 0)],
                                           '4': [2, (0, 0, 2, 0)],
                                           'more': [['safety',
                                                     {'high': [0, (1, 0, 0, 0)],
                                                      'low': [2, (0, 0, 1, 0)],
                                                      'med': [2,
                                                              (0, 0, 1, 0)]}],
                                                    (1, 0, 2, 0)]}],
                                         (1, 0, 7, 0)]}],
                             (4, 0, 12, 0)],
                       '4': [['persons',
                              {'2': [2, (0, 0, 5, 0)],
                               '4': [['lug_boot',
                                      {'big': [0, (2, 0, 0, 0)],
                                       'med': [['safety',
                                                {'high': [0, (1, 0, 0, 0)],
                                                 'low': [2, (0, 0, 1, 0)]}],
                                               (1, 0, 1, 0)],
                                       'small': [2, (0, 0, 2, 0)]}],
                                     (3, 0, 3, 0)],
                               'more': [['lug_boot',
                                         {'big': [2, (0, 0, 1, 0)],
                                          'med': [0, (2, 0, 0, 0)],
                                          'small': [2, (0, 0, 2, 0)]}],
                                        (2, 0, 3, 0)]}],
                             (5, 0, 11, 0)],
                       '5more': [['safety',
                                  {'high': [['persons',
                                             {'2': [2, (0, 0, 1, 0)],
                                              '4': [0, (2, 0, 0, 0)],
                                              'more': [0, (2, 0, 0, 0)]}],
                                            (4, 0, 1, 0)],
                                   'low': [2, (0, 0, 4, 0)],
                                   'med': [['persons',
                                            {'2': [2, (0, 0, 3, 0)],
                                             '4': [0, (2, 0, 0, 0)],
                                             'more': [['lug_boot',
                                                       {'big': [0,
                                                                (1, 0, 0, 0)],
                                                        'small': [2,
                                                                  (0,
                                                                   0,
                                                                   1,
                                                                   0)]}],
                                                      (1, 0, 1, 0)]}],
                                           (3, 0, 4, 0)]}],
                                 (7, 0, 9, 0)]}],
                     (20, 0, 46, 0)],
             'vhigh': [2, (0, 0, 62, 0)]}],
           (67, 0, 191, 0)],
  'low': [['maint',
           {'high': [['doors',
                      {'2': [['safety',
                              {'high': [['lug_boot',
                                         {'big': [['persons',
                                                   {'2': [2, (0, 0, 1, 0)],
                                                    '4': [3, (0, 0, 0, 1)],
                                                    'more': [3, (0, 0, 0, 1)]}],
                                                  (0, 0, 1, 2)],
                                          'med': [0, (1, 0, 0, 0)],
                                          'small': [['persons',
                                                     {'2': [2, (0, 0, 1, 0)],
                                                      '4': [0, (1, 0, 0, 0)],
                                                      'more': [2,
                                                               (0, 0, 1, 0)]}],
                                                    (1, 0, 2, 0)]}],
                                        (2, 0, 3, 2)],
                               'low': [2, (0, 0, 8, 0)],
                               'med': [['persons',
                                        {'2': [2, (0, 0, 2, 0)],
                                         'more': [0, (2, 0, 0, 0)]}],
                                       (2, 0, 2, 0)]}],
                             (4, 0, 13, 2)],
                       '3': [['lug_boot',
                              {'big': [['persons',
                                        {'2': [2, (0, 0, 2, 0)],
                                         '4': [3, (0, 0, 0, 1)],
                                         'more': [3, (0, 0, 0, 1)]}],
                                       (0, 0, 2, 2)],
                               'med': [['safety',
                                        {'high': [['persons',
                                                   {'2': [2, (0, 0, 1, 0)],
                                                    '4': [0, (1, 0, 0, 0)],
                                                    'more': [3, (0, 0, 0, 1)]}],
                                                  (1, 0, 1, 1)],
                                         'low': [2, (0, 0, 3, 0)],
                                         'med': [0, (1, 0, 0, 0)]}],
                                       (2, 0, 4, 1)],
                               'small': [['persons',
                                          {'2': [2, (0, 0, 2, 0)],
                                           '4': [['safety',
                                                  {'high': [0, (1, 0, 0, 0)],
                                                   'low': [2, (0, 0, 1, 0)]}],
                                                 (1, 0, 1, 0)],
                                           'more': [['safety',
                                                     {'high': [0, (1, 0, 0, 0)],
                                                      'low': [2, (0, 0, 1, 0)],
                                                      'med': [0,
                                                              (1, 0, 0, 0)]}],
                                                    (2, 0, 1, 0)]}],
                                         (3, 0, 4, 0)]}],
                             (5, 0, 10, 3)],
                       '4': [['persons',
                              {'2': [2, (0, 0, 8, 0)],
                               '4': [['lug_boot',
                                      {'big': [['safety',
                                                {'low': [2, (0, 0, 1, 0)],
                                                 'med': [0, (1, 0, 0, 0)]}],
                                               (1, 0, 1, 0)],
                                       'med': [['safety',
                                                {'high': [3, (0, 0, 0, 1)],
                                                 'low': [2, (0, 0, 1, 0)]}],
                                               (0, 0, 1, 1)],
                                       'small': [['safety',
                                                  {'high': [0, (1, 0, 0, 0)],
                                                   'low': [2, (0, 0, 1, 0)],
                                                   'med': [0, (1, 0, 0, 0)]}],
                                                 (2, 0, 1, 0)]}],
                                     (3, 0, 3, 1)],
                               'more': [['lug_boot',
                                         {'big': [['safety',
                                                   {'high': [3, (0, 0, 0, 1)],
                                                    'low': [2, (0, 0, 1, 0)],
                                                    'med': [0, (1, 0, 0, 0)]}],
                                                  (1, 0, 1, 1)],
                                          'med': [['safety',
                                                   {'low': [2, (0, 0, 1, 0)],
                                                    'med': [0, (1, 0, 0, 0)]}],
                                                  (1, 0, 1, 0)],
                                          'small': [['safety',
                                                     {'high': [0, (1, 0, 0, 0)],
                                                      'low': [2,
                                                              (0, 0, 1, 0)]}],
                                                    (1, 0, 1, 0)]}],
                                        (3, 0, 3, 1)]}],
                             (6, 0, 14, 2)],
                       '5more': [['safety',
                                  {'high': [['persons',
                                             {'2': [2, (0, 0, 1, 0)],
                                              '4': [['lug_boot',
                                                     {'big': [3, (0, 0, 0, 1)],
                                                      'small': [0,
                                                                (1, 0, 0, 0)]}],
                                                    (1, 0, 0, 1)],
                                              'more': [3, (0, 0, 0, 2)]}],
                                            (1, 0, 1, 3)],
                                   'low': [2, (0, 0, 6, 0)],
                                   'med': [['persons',
                                            {'2': [2, (0, 0, 3, 0)],
                                             '4': [0, (2, 0, 0, 0)],
                                             'more': [0, (3, 0, 0, 0)]}],
                                           (5, 0, 3, 0)]}],
                                 (6, 0, 10, 3)]}],
                     (21, 0, 47, 10)],
            'low': [['doors',
                     {'2': [['persons',
                             {'2': [2, (0, 0, 2, 0)],
                              '4': [['safety',
                                     {'high': [['lug_boot',
                                                {'big': [3, (0, 0, 0, 1)],
                                                 'med': [1, (0, 1, 0, 0)]}],
                                               (0, 1, 0, 1)],
                                      'low': [2, (0, 0, 1, 0)],
                                      'med': [0, (1, 0, 0, 0)]}],
                                    (1, 1, 1, 1)],
                              'more': [['lug_boot',
                                        {'big': [['safety',
                                                  {'high': [3, (0, 0, 0, 1)],
                                                   'low': [2, (0, 0, 1, 0)]}],
                                                 (0, 0, 1, 1)],
                                         'med': [1, (0, 1, 0, 0)],
                                         'small': [2, (0, 0, 2, 0)]}],
                                       (0, 1, 3, 1)]}],
                            (1, 2, 6, 2)],
                      '3': [['persons',
                             {'2': [2, (0, 0, 6, 0)],
                              '4': [['lug_boot',
                                     {'big': [['safety',
                                               {'high': [3, (0, 0, 0, 1)],
                                                'low': [2, (0, 0, 1, 0)],
                                                'med': [1, (0, 1, 0, 0)]}],
                                              (0, 1, 1, 1)],
                                      'med': [['safety',
                                               {'high': [1, (0, 1, 0, 0)],
                                                'med': [0, (1, 0, 0, 0)]}],
                                              (1, 1, 0, 0)],
                                      'small': [0, (1, 0, 0, 0)]}],
                                    (2, 2, 1, 1)],
                              'more': [['lug_boot',
                                        {'big': [['safety',
                                                  {'high': [3, (0, 0, 0, 1)],
                                                   'low': [2, (0, 0, 1, 0)],
                                                   'med': [1, (0, 1, 0, 0)]}],
                                                 (0, 1, 1, 1)],
                                         'med': [['safety',
                                                  {'high': [3, (0, 0, 0, 1)],
                                                   'low': [2, (0, 0, 1, 0)],
                                                   'med': [1, (0, 1, 0, 0)]}],
                                                 (0, 1, 1, 1)],
                                         'small': [['safety',
                                                    {'high': [1, (0, 1, 0, 0)],
                                                     'med': [0, (1, 0, 0, 0)]}],
                                                   (1, 1, 0, 0)]}],
                                       (1, 3, 2, 2)]}],
                            (3, 5, 9, 3)],
                      '4': [['persons',
                             {'2': [2, (0, 0, 5, 0)],
                              '4': [['lug_boot',
                                     {'big': [['safety',
                                               {'low': [2, (0, 0, 1, 0)],
                                                'med': [1, (0, 1, 0, 0)]}],
                                              (0, 1, 1, 0)],
                                      'med': [['safety',
                                               {'high': [3, (0, 0, 0, 1)],
                                                'low': [2, (0, 0, 1, 0)],
                                                'med': [1, (0, 1, 0, 0)]}],
                                              (0, 1, 1, 1)],
                                      'small': [['safety',
                                                 {'high': [1, (0, 1, 0, 0)],
                                                  'low': [2, (0, 0, 1, 0)],
                                                  'med': [0, (1, 0, 0, 0)]}],
                                                (1, 1, 1, 0)]}],
                                    (1, 3, 3, 1)],
                              'more': [['safety',
                                        {'high': [3, (0, 0, 0, 1)],
                                         'low': [2, (0, 0, 1, 0)],
                                         'med': [1, (0, 2, 0, 0)]}],
                                       (0, 2, 1, 1)]}],
                            (1, 5, 9, 2)],
                      '5more': [['persons',
                                 {'2': [2, (0, 0, 5, 0)],
                                  '4': [2, (0, 0, 2, 0)],
                                  'more': [['lug_boot',
                                            {'med': [['safety',
                                                      {'high': [3,
                                                                (0, 0, 0, 1)],
                                                       'med': [1,
                                                               (0, 1, 0, 0)]}],
                                                     (0, 1, 0, 1)],
                                             'small': [0, (1, 0, 0, 0)]}],
                                           (1, 1, 0, 1)]}],
                                (1, 1, 7, 1)]}],
                    (6, 13, 31, 8)],
            'med': [['doors',
                     {'2': [['lug_boot',
                             {'big': [['persons',
                                       {'2': [2, (0, 0, 2, 0)],
                                        '4': [2, (0, 0, 1, 0)],
                                        'more': [['safety',
                                                  {'high': [3, (0, 0, 0, 1)],
                                                   'low': [2, (0, 0, 1, 0)]}],
                                                 (0, 0, 1, 1)]}],
                                      (0, 0, 4, 1)],
                              'med': [['persons',
                                       {'2': [2, (0, 0, 2, 0)],
                                        '4': [['safety',
                                               {'high': [1, (0, 1, 0, 0)],
                                                'low': [2, (0, 0, 1, 0)],
                                                'med': [0, (1, 0, 0, 0)]}],
                                              (1, 1, 1, 0)],
                                        'more': [['safety',
                                                  {'high': [1, (0, 1, 0, 0)],
                                                   'med': [0, (1, 0, 0, 0)]}],
                                                 (1, 1, 0, 0)]}],
                                      (2, 2, 3, 0)],
                              'small': [2, (0, 0, 3, 0)]}],
                            (2, 2, 10, 1)],
                      '3': [['persons',
                             {'2': [2, (0, 0, 3, 0)],
                              '4': [['lug_boot',
                                     {'big': [2, (0, 0, 1, 0)],
                                      'med': [0, (1, 0, 0, 0)],
                                      'small': [['safety',
                                                 {'high': [1, (0, 1, 0, 0)],
                                                  'low': [2, (0, 0, 1, 0)],
                                                  'med': [0, (1, 0, 0, 0)]}],
                                                (1, 1, 1, 0)]}],
                                    (2, 1, 2, 0)],
                              'more': [['lug_boot',
                                        {'big': [['safety',
                                                  {'high': [3, (0, 0, 0, 1)],
                                                   'low': [2, (0, 0, 1, 0)]}],
                                                 (0, 0, 1, 1)],
                                         'med': [['safety',
                                                  {'low': [2, (0, 0, 1, 0)],
                                                   'med': [1, (0, 1, 0, 0)]}],
                                                 (0, 1, 1, 0)],
                                         'small': [['safety',
                                                    {'high': [1, (0, 1, 0, 0)],
                                                     'med': [0, (1, 0, 0, 0)]}],
                                                   (1, 1, 0, 0)]}],
                                       (1, 2, 2, 1)]}],
                            (3, 3, 7, 1)],
                      '4': [['safety',
                             {'high': [['persons',
                                        {'2': [2, (0, 0, 2, 0)],
                                         'more': [3, (0, 0, 0, 1)]}],
                                       (0, 0, 2, 1)],
                              'low': [2, (0, 0, 7, 0)],
                              'med': [['persons',
                                       {'2': [2, (0, 0, 1, 0)],
                                        '4': [0, (1, 0, 0, 0)],
                                        'more': [0, (1, 0, 0, 0)]}],
                                      (2, 0, 1, 0)]}],
                            (2, 0, 10, 1)],
                      '5more': [['lug_boot',
                                 {'big': [['persons',
                                           {'2': [2, (0, 0, 3, 0)],
                                            '4': [['safety',
                                                   {'low': [2, (0, 0, 1, 0)],
                                                    'med': [1, (0, 1, 0, 0)]}],
                                                  (0, 1, 1, 0)],
                                            'more': [['safety',
                                                      {'high': [3,
                                                                (0, 0, 0, 1)],
                                                       'low': [2, (0, 0, 1, 0)],
                                                       'med': [1,
                                                               (0, 1, 0, 0)]}],
                                                     (0, 1, 1, 1)]}],
                                          (0, 2, 5, 1)],
                                  'med': [['persons',
                                           {'2': [2, (0, 0, 2, 0)],
                                            '4': [1, (0, 1, 0, 0)],
                                            'more': [3, (0, 0, 0, 1)]}],
                                          (0, 1, 2, 1)],
                                  'small': [['safety',
                                             {'high': [1, (0, 1, 0, 0)],
                                              'low': [2, (0, 0, 3, 0)],
                                              'med': [0, (1, 0, 0, 0)]}],
                                            (1, 1, 3, 0)]}],
                                (1, 4, 10, 2)]}],
                    (8, 9, 37, 5)],
            'vhigh': [['doors',
                       {'2': [['persons',
                               {'2': [2, (0, 0, 8, 0)],
                                '4': [['lug_boot',
                                       {'big': [['safety',
                                                 {'low': [2, (0, 0, 1, 0)],
                                                  'med': [0, (1, 0, 0, 0)]}],
                                                (1, 0, 1, 0)],
                                        'med': [['safety',
                                                 {'high': [0, (1, 0, 0, 0)],
                                                  'low': [2, (0, 0, 1, 0)],
                                                  'med': [2, (0, 0, 1, 0)]}],
                                                (1, 0, 2, 0)],
                                        'small': [['safety',
                                                   {'high': [0, (1, 0, 0, 0)],
                                                    'low': [2, (0, 0, 1, 0)],
                                                    'med': [2, (0, 0, 1, 0)]}],
                                                  (1, 0, 2, 0)]}],
                                      (3, 0, 5, 0)],
                                'more': [['safety',
                                          {'high': [0, (1, 0, 0, 0)],
                                           'low': [2, (0, 0, 1, 0)],
                                           'med': [['lug_boot',
                                                    {'big': [0, (1, 0, 0, 0)],
                                                     'med': [2, (0, 0, 1, 0)],
                                                     'small': [2,
                                                               (0, 0, 1, 0)]}],
                                                   (1, 0, 2, 0)]}],
                                         (2, 0, 3, 0)]}],
                              (5, 0, 16, 0)],
                        '3': [['lug_boot',
                               {'big': [2, (0, 0, 5, 0)],
                                'med': [['safety',
                                         {'high': [['persons',
                                                    {'2': [2, (0, 0, 1, 0)],
                                                     '4': [0, (1, 0, 0, 0)],
                                                     'more': [0,
                                                              (1, 0, 0, 0)]}],
                                                   (2, 0, 1, 0)],
                                          'low': [2, (0, 0, 2, 0)],
                                          'med': [2, (0, 0, 1, 0)]}],
                                        (2, 0, 4, 0)],
                                'small': [['persons',
                                           {'2': [2, (0, 0, 2, 0)],
                                            '4': [['safety',
                                                   {'high': [0, (1, 0, 0, 0)],
                                                    'low': [2, (0, 0, 1, 0)],
                                                    'med': [2, (0, 0, 1, 0)]}],
                                                  (1, 0, 2, 0)],
                                            'more': [['safety',
                                                      {'high': [0,
                                                                (1, 0, 0, 0)],
                                                       'low': [2, (0, 0, 1, 0)],
                                                       'med': [2,
                                                               (0, 0, 1, 0)]}],
                                                     (1, 0, 2, 0)]}],
                                          (2, 0, 6, 0)]}],
                              (4, 0, 15, 0)],
                        '4': [['safety',
                               {'high': [['persons',
                                          {'2': [2, (0, 0, 1, 0)],
                                           'more': [0, (1, 0, 0, 0)]}],
                                         (1, 0, 1, 0)],
                                'low': [2, (0, 0, 5, 0)],
                                'med': [['persons',
                                         {'2': [2, (0, 0, 2, 0)],
                                          '4': [2, (0, 0, 1, 0)],
                                          'more': [['lug_boot',
                                                    {'big': [0, (1, 0, 0, 0)],
                                                     'med': [0, (1, 0, 0, 0)],
                                                     'small': [2,
                                                               (0, 0, 1, 0)]}],
                                                   (2, 0, 1, 0)]}],
                                        (2, 0, 4, 0)]}],
                              (3, 0, 10, 0)],
                        '5more': [['persons',
                                   {'2': [2, (0, 0, 3, 0)],
                                    '4': [['safety',
                                           {'high': [0, (2, 0, 0, 0)],
                                            'low': [2, (0, 0, 1, 0)],
                                            'med': [['lug_boot',
                                                     {'big': [0, (1, 0, 0, 0)],
                                                      'med': [0, (1, 0, 0, 0)],
                                                      'small': [2,
                                                                (0, 0, 1, 0)]}],
                                                    (2, 0, 1, 0)]}],
                                          (4, 0, 2, 0)],
                                    'more': [['lug_boot',
                                              {'big': [2, (0, 0, 1, 0)],
                                               'med': [['safety',
                                                        {'high': [0,
                                                                  (1, 0, 0, 0)],
                                                         'low': [2,
                                                                 (0, 0, 1, 0)],
                                                         'med': [0,
                                                                 (1,
                                                                  0,
                                                                  0,
                                                                  0)]}],
                                                       (2, 0, 1, 0)],
                                               'small': [2, (0, 0, 1, 0)]}],
                                             (2, 0, 3, 0)]}],
                                  (6, 0, 8, 0)]}],
                      (18, 0, 49, 0)]}],
          (53, 22, 164, 23)],
  'med': [['doors',
           {'2': [['maint',
                   {'high': [['lug_boot',
                              {'big': [['persons',
                                        {'2': [2, (0, 0, 1, 0)],
                                         '4': [0, (1, 0, 0, 0)],
                                         'more': [['safety',
                                                   {'low': [2, (0, 0, 1, 0)],
                                                    'med': [0, (1, 0, 0, 0)]}],
                                                  (1, 0, 1, 0)]}],
                                       (2, 0, 2, 0)],
                               'med': [['persons',
                                        {'2': [2, (0, 0, 3, 0)],
                                         '4': [['safety',
                                                {'high': [0, (1, 0, 0, 0)],
                                                 'low': [2, (0, 0, 1, 0)],
                                                 'med': [2, (0, 0, 1, 0)]}],
                                               (1, 0, 2, 0)],
                                         'more': [['safety',
                                                   {'high': [0, (1, 0, 0, 0)],
                                                    'low': [2, (0, 0, 1, 0)],
                                                    'med': [2, (0, 0, 1, 0)]}],
                                                  (1, 0, 2, 0)]}],
                                       (2, 0, 7, 0)],
                               'small': [['persons',
                                          {'2': [2, (0, 0, 2, 0)],
                                           '4': [['safety',
                                                  {'high': [0, (1, 0, 0, 0)],
                                                   'low': [2, (0, 0, 1, 0)],
                                                   'med': [2, (0, 0, 1, 0)]}],
                                                 (1, 0, 2, 0)],
                                           'more': [2, (0, 0, 3, 0)]}],
                                         (1, 0, 7, 0)]}],
                             (5, 0, 16, 0)],
                    'low': [['safety',
                             {'high': [['persons',
                                        {'2': [2, (0, 0, 1, 0)],
                                         '4': [1, (0, 2, 0, 0)],
                                         'more': [2, (0, 0, 1, 0)]}],
                                       (0, 2, 2, 0)],
                              'low': [2, (0, 0, 4, 0)],
                              'med': [['persons',
                                       {'2': [2, (0, 0, 3, 0)],
                                        '4': [['lug_boot',
                                               {'big': [1, (0, 1, 0, 0)],
                                                'small': [0, (1, 0, 0, 0)]}],
                                              (1, 1, 0, 0)],
                                        'more': [['lug_boot',
                                                  {'big': [1, (0, 1, 0, 0)],
                                                   'med': [0, (1, 0, 0, 0)],
                                                   'small': [2, (0, 0, 1, 0)]}],
                                                 (1, 1, 1, 0)]}],
                                      (2, 2, 4, 0)]}],
                            (2, 4, 10, 0)],
                    'med': [['safety',
                             {'high': [['persons',
                                        {'2': [2, (0, 0, 2, 0)],
                                         '4': [['lug_boot',
                                                {'big': [3, (0, 0, 0, 1)],
                                                 'small': [0, (1, 0, 0, 0)]}],
                                               (1, 0, 0, 1)],
                                         'more': [['lug_boot',
                                                   {'big': [3, (0, 0, 0, 1)],
                                                    'med': [0, (1, 0, 0, 0)],
                                                    'small': [2,
                                                              (0, 0, 1, 0)]}],
                                                  (1, 0, 1, 1)]}],
                                       (2, 0, 3, 2)],
                              'low': [2, (0, 0, 3, 0)],
                              'med': [['persons',
                                       {'2': [2, (0, 0, 2, 0)],
                                        '4': [0, (2, 0, 0, 0)],
                                        'more': [['lug_boot',
                                                  {'big': [0, (1, 0, 0, 0)],
                                                   'med': [0, (1, 0, 0, 0)],
                                                   'small': [2, (0, 0, 1, 0)]}],
                                                 (2, 0, 1, 0)]}],
                                      (4, 0, 3, 0)]}],
                            (6, 0, 9, 2)],
                    'vhigh': [['lug_boot',
                               {'big': [['persons',
                                         {'2': [2, (0, 0, 1, 0)],
                                          '4': [0, (1, 0, 0, 0)],
                                          'more': [['safety',
                                                    {'high': [0, (1, 0, 0, 0)],
                                                     'low': [2, (0, 0, 1, 0)],
                                                     'med': [0, (1, 0, 0, 0)]}],
                                                   (2, 0, 1, 0)]}],
                                        (3, 0, 2, 0)],
                                'med': [['persons',
                                         {'2': [2, (0, 0, 1, 0)],
                                          '4': [['safety',
                                                 {'high': [0, (1, 0, 0, 0)],
                                                  'low': [2, (0, 0, 1, 0)]}],
                                                (1, 0, 1, 0)],
                                          'more': [0, (1, 0, 0, 0)]}],
                                        (2, 0, 2, 0)],
                                'small': [2, (0, 0, 7, 0)]}],
                              (5, 0, 11, 0)]}],
                  (18, 4, 46, 2)],
            '3': [['maint',
                   {'high': [['safety',
                              {'high': [0, (2, 0, 0, 0)],
                               'low': [2, (0, 0, 5, 0)],
                               'med': [['persons',
                                        {'2': [2, (0, 0, 2, 0)],
                                         '4': [2, (0, 0, 1, 0)],
                                         'more': [['lug_boot',
                                                   {'med': [0, (1, 0, 0, 0)],
                                                    'small': [2,
                                                              (0, 0, 1, 0)]}],
                                                  (1, 0, 1, 0)]}],
                                       (1, 0, 4, 0)]}],
                             (3, 0, 9, 0)],
                    'low': [['safety',
                             {'high': [['lug_boot',
                                        {'big': [3, (0, 0, 0, 1)],
                                         'med': [2, (0, 0, 1, 0)],
                                         'small': [1, (0, 1, 0, 0)]}],
                                       (0, 1, 1, 1)],
                              'low': [2, (0, 0, 8, 0)],
                              'med': [['persons',
                                       {'2': [2, (0, 0, 2, 0)],
                                        '4': [['lug_boot',
                                               {'big': [1, (0, 1, 0, 0)],
                                                'med': [0, (1, 0, 0, 0)]}],
                                              (1, 1, 0, 0)],
                                        'more': [1, (0, 1, 0, 0)]}],
                                      (1, 2, 2, 0)]}],
                            (1, 3, 11, 1)],
                    'med': [['persons',
                             {'2': [2, (0, 0, 7, 0)],
                              '4': [['lug_boot',
                                     {'big': [['safety',
                                               {'high': [3, (0, 0, 0, 1)],
                                                'low': [2, (0, 0, 1, 0)]}],
                                              (0, 0, 1, 1)],
                                      'med': [2, (0, 0, 1, 0)],
                                      'small': [0, (1, 0, 0, 0)]}],
                                    (1, 0, 2, 1)],
                              'more': [['lug_boot',
                                        {'big': [2, (0, 0, 1, 0)],
                                         'med': [0, (1, 0, 0, 0)],
                                         'small': [0, (2, 0, 0, 0)]}],
                                       (3, 0, 1, 0)]}],
                            (4, 0, 10, 1)],
                    'vhigh': [['lug_boot',
                               {'big': [['safety',
                                         {'high': [2, (0, 0, 1, 0)],
                                          'low': [2, (0, 0, 1, 0)],
                                          'med': [['persons',
                                                   {'2': [2, (0, 0, 1, 0)],
                                                    '4': [0, (1, 0, 0, 0)],
                                                    'more': [0, (1, 0, 0, 0)]}],
                                                  (2, 0, 1, 0)]}],
                                        (2, 0, 3, 0)],
                                'med': [['persons',
                                         {'2': [2, (0, 0, 2, 0)],
                                          '4': [2, (0, 0, 2, 0)],
                                          'more': [0, (2, 0, 0, 0)]}],
                                        (2, 0, 4, 0)],
                                'small': [2, (0, 0, 2, 0)]}],
                              (4, 0, 9, 0)]}],
                  (12, 3, 39, 2)],
            '4': [['maint',
                   {'high': [['persons',
                              {'2': [2, (0, 0, 3, 0)],
                               '4': [['lug_boot',
                                      {'big': [0, (2, 0, 0, 0)],
                                       'med': [['safety',
                                                {'high': [0, (1, 0, 0, 0)],
                                                 'low': [2, (0, 0, 1, 0)],
                                                 'med': [0, (1, 0, 0, 0)]}],
                                               (2, 0, 1, 0)],
                                       'small': [2, (0, 0, 2, 0)]}],
                                     (4, 0, 3, 0)],
                               'more': [['lug_boot',
                                         {'big': [['safety',
                                                   {'high': [0, (1, 0, 0, 0)],
                                                    'low': [2, (0, 0, 1, 0)]}],
                                                  (1, 0, 1, 0)],
                                          'med': [['safety',
                                                   {'high': [0, (1, 0, 0, 0)],
                                                    'low': [2, (0, 0, 1, 0)],
                                                    'med': [0, (1, 0, 0, 0)]}],
                                                  (2, 0, 1, 0)],
                                          'small': [2, (0, 0, 2, 0)]}],
                                        (3, 0, 4, 0)]}],
                             (7, 0, 10, 0)],
                    'low': [['lug_boot',
                             {'big': [['persons',
                                       {'2': [2, (0, 0, 2, 0)],
                                        '4': [2, (0, 0, 1, 0)],
                                        'more': [['safety',
                                                  {'high': [3, (0, 0, 0, 1)],
                                                   'med': [1, (0, 1, 0, 0)]}],
                                                 (0, 1, 0, 1)]}],
                                      (0, 1, 3, 1)],
                              'med': [['persons',
                                       {'2': [2, (0, 0, 1, 0)],
                                        '4': [3, (0, 0, 0, 1)],
                                        'more': [3, (0, 0, 0, 1)]}],
                                      (0, 0, 1, 2)],
                              'small': [['persons',
                                         {'2': [2, (0, 0, 1, 0)],
                                          '4': [['safety',
                                                 {'low': [2, (0, 0, 1, 0)],
                                                  'med': [0, (1, 0, 0, 0)]}],
                                                (1, 0, 1, 0)],
                                          'more': [['safety',
                                                    {'high': [1, (0, 1, 0, 0)],
                                                     'low': [2, (0, 0, 1, 0)],
                                                     'med': [0, (1, 0, 0, 0)]}],
                                                   (1, 1, 1, 0)]}],
                                        (2, 1, 3, 0)]}],
                            (2, 2, 7, 3)],
                    'med': [['persons',
                             {'2': [2, (0, 0, 3, 0)],
                              '4': [['safety',
                                     {'high': [0, (1, 0, 0, 0)],
                                      'low': [2, (0, 0, 2, 0)],
                                      'med': [0, (3, 0, 0, 0)]}],
                                    (4, 0, 2, 0)],
                              'more': [['safety',
                                        {'high': [['lug_boot',
                                                   {'big': [3, (0, 0, 0, 1)],
                                                    'small': [0,
                                                              (1, 0, 0, 0)]}],
                                                  (1, 0, 0, 1)],
                                         'low': [2, (0, 0, 3, 0)],
                                         'med': [0, (1, 0, 0, 0)]}],
                                       (2, 0, 3, 1)]}],
                            (6, 0, 8, 1)],
                    'vhigh': [['persons',
                               {'2': [2, (0, 0, 6, 0)],
                                '4': [['safety',
                                       {'high': [0, (1, 0, 0, 0)],
                                        'low': [2, (0, 0, 1, 0)],
                                        'med': [['lug_boot',
                                                 {'med': [0, (1, 0, 0, 0)],
                                                  'small': [2, (0, 0, 1, 0)]}],
                                                (1, 0, 1, 0)]}],
                                      (2, 0, 2, 0)],
                                'more': [['lug_boot',
                                          {'big': [['safety',
                                                    {'high': [0, (1, 0, 0, 0)],
                                                     'low': [2, (0, 0, 1, 0)],
                                                     'med': [0, (1, 0, 0, 0)]}],
                                                   (2, 0, 1, 0)],
                                           'med': [['safety',
                                                    {'high': [0, (1, 0, 0, 0)],
                                                     'low': [2, (0, 0, 1, 0)],
                                                     'med': [0, (1, 0, 0, 0)]}],
                                                   (2, 0, 1, 0)],
                                           'small': [['safety',
                                                      {'high': [0,
                                                                (1, 0, 0, 0)],
                                                       'low': [2,
                                                               (0, 0, 1, 0)]}],
                                                     (1, 0, 1, 0)]}],
                                         (5, 0, 3, 0)]}],
                              (7, 0, 11, 0)]}],
                  (22, 2, 36, 4)],
            '5more': [['maint',
                       {'high': [['lug_boot',
                                  {'big': [['safety',
                                            {'high': [0, (2, 0, 0, 0)],
                                             'low': [2, (0, 0, 1, 0)],
                                             'med': [0, (2, 0, 0, 0)]}],
                                           (4, 0, 1, 0)],
                                   'med': [['safety',
                                            {'high': [['persons',
                                                       {'2': [2, (0, 0, 1, 0)],
                                                        'more': [0,
                                                                 (1,
                                                                  0,
                                                                  0,
                                                                  0)]}],
                                                      (1, 0, 1, 0)],
                                             'low': [2, (0, 0, 3, 0)],
                                             'med': [0, (1, 0, 0, 0)]}],
                                           (2, 0, 4, 0)],
                                   'small': [2, (0, 0, 2, 0)]}],
                                 (6, 0, 7, 0)],
                        'low': [['lug_boot',
                                 {'big': [['safety',
                                           {'high': [3, (0, 0, 0, 1)],
                                            'low': [2, (0, 0, 2, 0)],
                                            'med': [1, (0, 1, 0, 0)]}],
                                          (0, 1, 2, 1)],
                                  'med': [['persons',
                                           {'2': [2, (0, 0, 1, 0)],
                                            '4': [['safety',
                                                   {'high': [3, (0, 0, 0, 1)],
                                                    'low': [2, (0, 0, 1, 0)],
                                                    'med': [1, (0, 1, 0, 0)]}],
                                                  (0, 1, 1, 1)],
                                            'more': [['safety',
                                                      {'high': [3,
                                                                (0, 0, 0, 1)],
                                                       'low': [2, (0, 0, 1, 0)],
                                                       'med': [1,
                                                               (0, 1, 0, 0)]}],
                                                     (0, 1, 1, 1)]}],
                                          (0, 2, 3, 2)],
                                  'small': [['safety',
                                             {'high': [1, (0, 1, 0, 0)],
                                              'low': [2, (0, 0, 1, 0)]}],
                                            (0, 1, 1, 0)]}],
                                (0, 4, 6, 3)],
                        'med': [['lug_boot',
                                 {'big': [['safety',
                                           {'high': [2, (0, 0, 1, 0)],
                                            'low': [2, (0, 0, 1, 0)],
                                            'med': [0, (1, 0, 0, 0)]}],
                                          (1, 0, 2, 0)],
                                  'med': [['persons',
                                           {'2': [2, (0, 0, 3, 0)],
                                            '4': [['safety',
                                                   {'high': [3, (0, 0, 0, 1)],
                                                    'med': [0, (1, 0, 0, 0)]}],
                                                  (1, 0, 0, 1)],
                                            'more': [['safety',
                                                      {'low': [2, (0, 0, 1, 0)],
                                                       'med': [0,
                                                               (1, 0, 0, 0)]}],
                                                     (1, 0, 1, 0)]}],
                                          (2, 0, 4, 1)],
                                  'small': [['safety',
                                             {'high': [0, (2, 0, 0, 0)],
                                              'low': [2, (0, 0, 1, 0)],
                                              'med': [['persons',
                                                       {'2': [2, (0, 0, 1, 0)],
                                                        '4': [0, (1, 0, 0, 0)],
                                                        'more': [0,
                                                                 (1,
                                                                  0,
                                                                  0,
                                                                  0)]}],
                                                      (2, 0, 1, 0)]}],
                                            (4, 0, 2, 0)]}],
                                (7, 0, 8, 1)],
                        'vhigh': [['safety',
                                   {'high': [['persons',
                                              {'2': [2, (0, 0, 3, 0)],
                                               '4': [0, (2, 0, 0, 0)],
                                               'more': [0, (2, 0, 0, 0)]}],
                                             (4, 0, 3, 0)],
                                    'low': [2, (0, 0, 4, 0)],
                                    'med': [['lug_boot',
                                             {'big': [0, (1, 0, 0, 0)],
                                              'med': [0, (2, 0, 0, 0)],
                                              'small': [2, (0, 0, 2, 0)]}],
                                            (3, 0, 2, 0)]}],
                                  (7, 0, 9, 0)]}],
                      (20, 4, 30, 4)]}],
          (72, 13, 151, 12)],
  'vhigh': [['doors',
             {'2': [['maint',
                     {'high': [2, (0, 0, 16, 0)],
                      'low': [['lug_boot',
                               {'big': [['persons',
                                         {'2': [2, (0, 0, 2, 0)],
                                          '4': [0, (2, 0, 0, 0)],
                                          'more': [0, (1, 0, 0, 0)]}],
                                        (3, 0, 2, 0)],
                                'med': [['persons',
                                         {'2': [2, (0, 0, 2, 0)],
                                          '4': [['safety',
                                                 {'high': [0, (1, 0, 0, 0)],
                                                  'low': [2, (0, 0, 1, 0)],
                                                  'med': [2, (0, 0, 1, 0)]}],
                                                (1, 0, 2, 0)],
                                          'more': [['safety',
                                                    {'high': [0, (1, 0, 0, 0)],
                                                     'low': [2, (0, 0, 1, 0)],
                                                     'med': [2, (0, 0, 1, 0)]}],
                                                   (1, 0, 2, 0)]}],
                                        (2, 0, 6, 0)],
                                'small': [['persons',
                                           {'2': [2, (0, 0, 3, 0)],
                                            '4': [0, (1, 0, 0, 0)],
                                            'more': [2, (0, 0, 2, 0)]}],
                                          (1, 0, 5, 0)]}],
                              (6, 0, 13, 0)],
                      'med': [['lug_boot',
                               {'big': [['safety',
                                         {'high': [0, (1, 0, 0, 0)],
                                          'low': [2, (0, 0, 3, 0)],
                                          'med': [0, (1, 0, 0, 0)]}],
                                        (2, 0, 3, 0)],
                                'med': [['safety',
                                         {'high': [['persons',
                                                    {'2': [2, (0, 0, 1, 0)],
                                                     '4': [0, (1, 0, 0, 0)],
                                                     'more': [0,
                                                              (1, 0, 0, 0)]}],
                                                   (2, 0, 1, 0)],
                                          'low': [2, (0, 0, 1, 0)],
                                          'med': [2, (0, 0, 3, 0)]}],
                                        (2, 0, 5, 0)],
                                'small': [2, (0, 0, 5, 0)]}],
                              (4, 0, 13, 0)],
                      'vhigh': [2, (0, 0, 14, 0)]}],
                    (10, 0, 56, 0)],
              '3': [['maint',
                     {'high': [2, (0, 0, 16, 0)],
                      'low': [['persons',
                               {'2': [2, (0, 0, 6, 0)],
                                '4': [['safety',
                                       {'high': [0, (1, 0, 0, 0)],
                                        'low': [2, (0, 0, 2, 0)],
                                        'med': [['lug_boot',
                                                 {'big': [0, (1, 0, 0, 0)],
                                                  'med': [2, (0, 0, 1, 0)],
                                                  'small': [2, (0, 0, 1, 0)]}],
                                                (1, 0, 2, 0)]}],
                                      (2, 0, 4, 0)],
                                'more': [['lug_boot',
                                          {'med': [0, (1, 0, 0, 0)],
                                           'small': [['safety',
                                                      {'high': [0,
                                                                (1, 0, 0, 0)],
                                                       'med': [2,
                                                               (0, 0, 1, 0)]}],
                                                     (1, 0, 1, 0)]}],
                                         (2, 0, 1, 0)]}],
                              (4, 0, 11, 0)],
                      'med': [['safety',
                               {'high': [['persons',
                                          {'2': [2, (0, 0, 1, 0)],
                                           '4': [0, (2, 0, 0, 0)],
                                           'more': [0, (1, 0, 0, 0)]}],
                                         (3, 0, 1, 0)],
                                'low': [2, (0, 0, 7, 0)],
                                'med': [['persons',
                                         {'2': [2, (0, 0, 2, 0)],
                                          '4': [0, (1, 0, 0, 0)],
                                          'more': [0, (2, 0, 0, 0)]}],
                                        (3, 0, 2, 0)]}],
                              (6, 0, 10, 0)],
                      'vhigh': [2, (0, 0, 15, 0)]}],
                    (10, 0, 52, 0)],
              '4': [['maint',
                     {'high': [2, (0, 0, 21, 0)],
                      'low': [['safety',
                               {'high': [['persons',
                                          {'2': [2, (0, 0, 2, 0)],
                                           '4': [0, (3, 0, 0, 0)],
                                           'more': [0, (1, 0, 0, 0)]}],
                                         (4, 0, 2, 0)],
                                'low': [2, (0, 0, 3, 0)],
                                'med': [['persons',
                                         {'2': [2, (0, 0, 3, 0)],
                                          '4': [2, (0, 0, 1, 0)],
                                          'more': [['lug_boot',
                                                    {'med': [0, (1, 0, 0, 0)],
                                                     'small': [2,
                                                               (0, 0, 1, 0)]}],
                                                   (1, 0, 1, 0)]}],
                                        (1, 0, 5, 0)]}],
                              (5, 0, 10, 0)],
                      'med': [['safety',
                               {'high': [['persons',
                                          {'2': [2, (0, 0, 1, 0)],
                                           '4': [0, (2, 0, 0, 0)],
                                           'more': [0, (1, 0, 0, 0)]}],
                                         (3, 0, 1, 0)],
                                'low': [2, (0, 0, 5, 0)],
                                'med': [['persons',
                                         {'2': [2, (0, 0, 2, 0)],
                                          '4': [['lug_boot',
                                                 {'big': [0, (1, 0, 0, 0)],
                                                  'med': [0, (1, 0, 0, 0)],
                                                  'small': [2, (0, 0, 1, 0)]}],
                                                (2, 0, 1, 0)],
                                          'more': [['lug_boot',
                                                    {'med': [0, (1, 0, 0, 0)],
                                                     'small': [2,
                                                               (0, 0, 1, 0)]}],
                                                   (1, 0, 1, 0)]}],
                                        (3, 0, 4, 0)]}],
                              (6, 0, 10, 0)],
                      'vhigh': [2, (0, 0, 18, 0)]}],
                    (11, 0, 59, 0)],
              '5more': [['maint',
                         {'high': [2, (0, 0, 16, 0)],
                          'low': [['safety',
                                   {'high': [['persons',
                                              {'2': [2, (0, 0, 3, 0)],
                                               '4': [0, (3, 0, 0, 0)],
                                               'more': [0, (2, 0, 0, 0)]}],
                                             (5, 0, 3, 0)],
                                    'low': [2, (0, 0, 7, 0)],
                                    'med': [['persons',
                                             {'2': [2, (0, 0, 1, 0)],
                                              '4': [0, (1, 0, 0, 0)],
                                              'more': [['lug_boot',
                                                        {'big': [0,
                                                                 (1, 0, 0, 0)],
                                                         'med': [0,
                                                                 (1, 0, 0, 0)],
                                                         'small': [2,
                                                                   (0,
                                                                    0,
                                                                    1,
                                                                    0)]}],
                                                       (2, 0, 1, 0)]}],
                                            (3, 0, 2, 0)]}],
                                  (8, 0, 12, 0)],
                          'med': [['persons',
                                   {'2': [2, (0, 0, 7, 0)],
                                    '4': [['lug_boot',
                                           {'big': [['safety',
                                                     {'high': [0, (1, 0, 0, 0)],
                                                      'low': [2, (0, 0, 1, 0)],
                                                      'med': [0,
                                                              (1, 0, 0, 0)]}],
                                                    (2, 0, 1, 0)],
                                            'med': [0, (2, 0, 0, 0)],
                                            'small': [['safety',
                                                       {'high': [0,
                                                                 (1, 0, 0, 0)],
                                                        'low': [2,
                                                                (0, 0, 1, 0)],
                                                        'med': [2,
                                                                (0, 0, 1, 0)]}],
                                                      (1, 0, 2, 0)]}],
                                          (5, 0, 3, 0)],
                                    'more': [['safety',
                                              {'high': [0, (1, 0, 0, 0)],
                                               'low': [2, (0, 0, 1, 0)],
                                               'med': [0, (1, 0, 0, 0)]}],
                                             (2, 0, 1, 0)]}],
                                  (7, 0, 11, 0)],
                          'vhigh': [2, (0, 0, 16, 0)]}],
                        (15, 0, 55, 0)]}],
            (46, 0, 222, 0)]}]